ech1<-c(3.7, 5.2, 5.0, 1.2, 7.9, 5.3, 6.8, 4.6, 2.5, 3.4)
ech2<-c(5.8, 5.5, 5.3, 5.9, 4.9, 3.1, 6.6, 1.4, 3.6, 2.6)
donnees = data.frame(ech1, ech2)
donnees